0 0.017786 0.919318 0.032473 0.062635
0 0.036150 0.932576 0.050829 0.061576
0 0.092277 0.933647 0.068498 0.080659
0 0.144171 0.942129 0.057887 0.063694
0 0.199601 0.949035 0.058607 0.083859
0 0.316095 0.972659 0.048717 0.054682
0 0.444241 0.981153 0.062128 0.037694
0 0.593576 0.957000 0.098138 0.076447
0 0.476017 0.927282 0.104491 0.078565
0 0.316448 0.909765 0.096025 0.062635
0 0.266322 0.906047 0.070610 0.050965
0 0.222543 0.897553 0.079077 0.046729
0 0.182300 0.889600 0.072019 0.043529
0 0.139937 0.884282 0.074836 0.041412
0 0.096862 0.878965 0.080485 0.045647
0 0.046025 0.817400 0.048013 0.032918
0 0.182300 0.849247 0.038122 0.041412
0 0.222543 0.851376 0.028247 0.039271
0 0.259969 0.854553 0.036714 0.039271
0 0.327746 0.863588 0.028232 0.031835
0 0.365524 0.860388 0.030360 0.044588
0 0.527207 0.883753 0.038826 0.044588
0 0.792332 0.916129 0.057903 0.054141
0 0.910595 0.926212 0.079781 0.050965
0 0.956487 0.861459 0.043083 0.042447
0 0.909538 0.858271 0.043772 0.042471
0 0.969945 0.974259 0.060110 0.051482
0 0.895415 0.971329 0.074836 0.052024
