0 0.487625 0.613571 0.211063 0.207002
0 0.629641 0.619403 0.310937 0.197447
0 0.800680 0.637459 0.393797 0.256885
0 0.021773 0.345527 0.043547 0.072178
0 0.093125 0.342342 0.063750 0.070070
0 0.168914 0.344461 0.058078 0.065831
0 0.074008 0.310492 0.058078 0.053068
0 0.093477 0.270152 0.068703 0.057307
0 0.151914 0.291382 0.055234 0.097658
0 0.227344 0.311557 0.044625 0.063677
0 0.337477 0.325351 0.052422 0.061569
0 0.373602 0.304660 0.043922 0.056253
0 0.354836 0.282365 0.038953 0.054145
0 0.389539 0.235129 0.037547 0.044590
0 0.345617 0.235644 0.034703 0.047775
0 0.426016 0.249977 0.039656 0.038220
0 0.479484 0.246265 0.041781 0.039274
0 0.499672 0.276522 0.045344 0.050937
0 0.458242 0.297225 0.043203 0.058384
0 0.425305 0.327482 0.055234 0.048829
0 0.420344 0.289262 0.039656 0.048829
0 0.550672 0.252635 0.038250 0.045644
0 0.537922 0.300937 0.051000 0.050960
0 0.577930 0.274930 0.043203 0.041382
0 0.587500 0.311557 0.046750 0.044567
0 0.623617 0.251581 0.043922 0.043536
0 0.641328 0.280234 0.046750 0.056253
0 0.664695 0.313677 0.043922 0.036112
0 0.688430 0.251581 0.034703 0.052014
0 0.706133 0.272272 0.051703 0.044590
0 0.745445 0.308372 0.053828 0.040351
0 0.773414 0.289262 0.033297 0.046721
0 0.782625 0.268560 0.034719 0.045644
0 0.824766 0.302002 0.051000 0.065831
0 0.831500 0.274403 0.048875 0.065808
0 0.860539 0.271745 0.047453 0.083864
0 0.899484 0.297225 0.048875 0.079602
0 0.925336 0.265902 0.053828 0.065808
0 0.969047 0.292447 0.061906 0.072201
0 0.980734 0.248396 0.038531 0.056276
0 0.974562 0.304133 0.048875 0.055199
